3.518595653934318383e-03
3.632180102088754161e-03
3.653194130421226135e-03
3.547605765130771357e-03
3.442017399840316579e-03
3.336429034549858764e-03
3.230840669259403986e-03
3.125252303968949208e-03
3.019663938678494430e-03
2.914075573388039651e-03
2.808487208097585307e-03
2.702898842807130095e-03
2.597310477516675750e-03
2.491722112226220538e-03
2.386133746935763158e-03
2.280545381645308380e-03
2.174957016354853601e-03
2.069368651064398823e-03
1.963780285773944045e-03
1.997963429813798004e-03
2.069244046039827797e-03
2.140524662265857157e-03
2.211805278491886951e-03
2.283085894717916311e-03
2.354366510943947839e-03
2.425647127169977633e-03
2.496927743396007426e-03
2.568208359622036786e-03
2.639488975848066146e-03
2.710769592074095940e-03
2.782050208300125733e-03
2.853330824526155093e-03
2.767843624190542435e-03
2.642283603353961889e-03
2.516723582517381777e-03
2.391163561680801231e-03
2.265603540844221119e-03
2.140043520007640573e-03
2.014483499171060461e-03
1.888923478334480132e-03
1.763363457497899803e-03
1.637803436661319258e-03
1.512243415824738929e-03
1.386683394988155130e-03
1.261123374151574801e-03
1.135563353314994472e-03
1.180690715288731105e-03
1.278813236568749137e-03
1.376935757848767169e-03
1.475058279128785201e-03
1.573180800408806052e-03
1.671303321688823867e-03
1.769425842968841900e-03
1.867548364248859932e-03
1.965670885528877747e-03
2.063793406808895996e-03
2.161915928088914245e-03
2.260038449368932060e-03
2.358160970648949875e-03
2.456283491928968124e-03
2.554406013208985939e-03
2.652528534489006790e-03
2.750651055769024605e-03
2.848773577049042854e-03
2.936934495166792971e-03
2.843329123204012873e-03
2.749723751241232774e-03
2.656118379278450507e-03
2.562513007315670409e-03
2.468907635352890310e-03
2.375302263390110212e-03
2.281696891427330114e-03
2.188091519464550015e-03
2.094486147501770350e-03
2.000880775538990252e-03
1.907275403576210154e-03
1.813670031613430272e-03
1.720064659650650174e-03
1.626459287687870292e-03
1.532853915725090194e-03
1.439248543762307493e-03
1.345643171799527612e-03
1.252037799836747513e-03
1.248021918678825703e-03
1.417269303581172434e-03
1.586516688483524153e-03
1.755764073385870884e-03
1.925011458288217615e-03
2.094258843190564563e-03
2.263506228092911077e-03
2.432753612995258025e-03
2.602000997897604972e-03
2.771248382799951487e-03
2.940495767702298435e-03
3.109743152604644949e-03
3.278990537506991897e-03
3.448237922409338845e-03
3.617485307311685359e-03
3.786732692214032307e-03
3.887499111632343549e-03
3.757022990969026508e-03
3.626546870305709901e-03
3.496070749642392859e-03
3.365594628979072349e-03
3.235118508315755308e-03
3.104642387652438267e-03
2.974166266989121225e-03
2.843690146325804184e-03
2.713214025662487143e-03
2.582737904999170102e-03
2.452261784335853494e-03
2.321785663672536453e-03
2.191309543009219846e-03
2.060833422345902805e-03
1.930357301682585763e-03
1.799881181019268722e-03
1.669405060355951681e-03
1.538928939692631170e-03
1.408452819029314129e-03
1.277976698365997088e-03
1.204712720218281642e-03
1.133950852380571396e-03
1.063188984542859416e-03
9.924271167051502539e-04
9.216652488674402250e-04
8.509033810297300876e-04
7.801415131920189745e-04
7.093796453543089455e-04
6.386177775165988082e-04
5.678559096788887792e-04
4.970940418411786419e-04
4.263321740034685045e-04
3.555703061657584756e-04
2.848084383280462782e-04
2.465228237799095708e-04
2.487813984385362355e-04
2.510399730971629544e-04
2.532985477557896732e-04
2.555571224144163379e-04
2.578156970730430568e-04
2.600742717316588252e-04
2.623328463902666247e-04
3.369015230426094056e-04
5.308879909440248224e-04
7.248744588454402935e-04
9.188609267468557645e-04
1.112847394648271235e-03
1.306833862549686706e-03
1.500820330451102178e-03
1.694806798352517649e-03
1.888793266253932903e-03
2.082779734155354012e-03
2.276766202056769266e-03
2.470752669958184954e-03
2.664739137859600208e-03
2.673541622083256200e-03
1.813024677149304830e-03
9.525077322153538938e-04
1.337383529424778688e-04
-5.542234880729969039e-04
-1.242185329088491301e-03
-1.930147170103966182e-03
-2.221339984714725685e-03
-2.219081410056098803e-03
-2.216822835397471922e-03
-1.661379317891166886e-03
-7.963452236399435388e-04
6.868887061128002569e-05
1.696733718224306166e-03
3.640237211966209068e-03
5.583740705708166614e-03
7.193428068184445912e-03
8.705543802130089395e-03
1.021765953607573114e-02
1.064249138646171204e-02
1.086044384101846061e-02
1.107839629557520744e-02
9.732189585702188603e-03
8.224591001073800617e-03
6.716992416445368395e-03
3.320961537189372724e-03
-1.278819665223116658e-04
-3.568287624657513063e-03
-6.801437248471094849e-03
-1.003458687228467663e-02
-1.306304265126584548e-02
-1.435494735599610050e-02
-1.564685206072635726e-02
-1.615330364491170470e-02
-1.287249809580130744e-02
-9.591692546690910176e-03
-6.310886997580512914e-03
-5.239850355210169328e-04
7.722572948577947557e-03
1.597642665550112404e-02
2.424695062625530084e-02
3.251747459700948112e-02
3.860222241074445781e-02
4.097711366428265917e-02
4.335200491782086052e-02
4.299296944652199193e-02
3.911273818301400779e-02
3.523250691950603058e-02
2.708149181087799590e-02
1.471730127137610769e-02
1.622975813783227028e-03
-1.314979638458150385e-02
-2.848448728183913120e-02
-4.200608284522627800e-02
-5.063157946649335384e-02
-5.787018637319513853e-02
-5.829931555833280793e-02
-5.872844474347047733e-02
-5.634647389186811517e-02
-4.484054172264160393e-02
-1.288288025638106502e-02
4.374888710129209296e-03
3.561006958478843409e-02
7.786505524743665696e-02
1.050447426892612002e-01
1.322244301310857573e-01
1.636310679052761230e-01
1.783005103130086144e-01
1.984138981478361929e-01
1.963584300425560147e-01
1.934847702185726326e-01
1.785828425824017573e-01
1.600354274858198922e-01
1.414880123892380270e-01
1.065018758413012606e-01
6.848124676167004210e-02
4.001191318977349171e-02
-2.025459076579041312e-02
-5.785705381145413162e-02
-7.759536343543201042e-02
-9.292939196330689267e-02
-9.512721096360937656e-02
-9.732502996391184658e-02
-9.292519000168000809e-02
-6.184991500136473308e-02
-5.571553928734632871e-02
2.955454619607791877e-03
5.046485830313590659e-02
7.600314170213867682e-02
1.346741356090928043e-01
1.692382289460447053e-01
1.987954098474111198e-01
2.261526662705070079e-01
2.332728228818044258e-01
2.403929794931018438e-01
2.344014883859627529e-01
2.182986039282263091e-01
1.951753722798543478e-01
1.598038345512171332e-01
1.194859833780331226e-01
7.134303880139118703e-02
3.597150107275396552e-02
5.049010616876001278e-03
-2.766952357672758378e-02
-4.950405951367253810e-02
-7.193396444842130311e-02
-9.436386938317006812e-02
-9.399146071214044273e-02
-8.894528371524833277e-02
-8.389910671835623668e-02
-5.753910061362357831e-02
-1.979041305678742174e-02
-2.915957655823551986e-03
3.762163583481666074e-02
1.027634461387151588e-01
1.160525794181570397e-01
1.570464931531783126e-01
1.774690234060000982e-01
1.882559759755659812e-01
1.990429285451318642e-01
1.927526793947712258e-01
1.763622030971705723e-01
1.685070566788015867e-01
1.262333147934237843e-01
9.705128200955900897e-02
6.605855045365241485e-02
3.282823395545941131e-02
9.104165741322042815e-03
-1.534560933171680470e-02
-3.895934435133296958e-02
-4.902280017192101047e-02
-5.908625599250903748e-02
-5.912634745817868520e-02
-5.797372152406326390e-02
-5.043974207224492801e-02
-3.998643928127072061e-02
-2.919948671170484109e-02
-1.841253414213896503e-02
-6.909599309528361918e-03
6.321883898883336184e-03
1.956668768850073487e-02
3.294196681684434524e-02
3.929824594481871186e-02
4.145744331845879066e-02
4.361664069209886946e-02
4.119771308365709900e-02
3.674229814042069553e-02
3.228688319718403532e-02
2.461414713715839517e-02
1.591675255592533977e-02
7.219357974692287849e-03
4.788470487704383355e-04
-5.845914853583284582e-03
-9.728035511984487252e-03
-1.214154839218516135e-02
-1.455506127238583372e-02
-1.696857415258650609e-02
-1.479755739509587206e-02
-1.242266614155763255e-02
-1.002728537160959242e-02
-6.789618598478795036e-03
-3.551951825347996784e-03
-3.337133462801003731e-04
2.688259546952538950e-03
5.710232440185178220e-03
8.337033170572886315e-03
8.832306327855837802e-03
9.327579485138789289e-03
9.822852642421740776e-03
1.031812579970469226e-02
1.076355345748298067e-02
9.040260992956466665e-03
7.316968528429952656e-03
5.593676063903438647e-03
3.870383599376924638e-03
2.147091134850410629e-03
8.071023729918711930e-04
-4.848023317383784100e-04
-1.776707036468627796e-03
-1.832865143432181425e-03
-1.830606568773554760e-03
-1.819208391401421583e-03
-1.385562056946515333e-03
-9.519157224916093007e-04
-5.056855771585318715e-04
7.175667722850631505e-05
6.491989316155446100e-04
7.163063527727720359e-04
7.185649274313905691e-04
7.208235020900092107e-04
7.230820767486277438e-04
7.253406514072463854e-04
7.275992260658649185e-04
7.298578007244835601e-04
7.321163753831022017e-04
7.343749500417207348e-04
7.366335247003393764e-04
7.388920993589579095e-04
7.411506740175765511e-04
7.434092486761951927e-04
7.456678233348137258e-04
7.479263979934323674e-04
7.501849726520458048e-04
7.524435473106536043e-04
7.547021219692614039e-04
7.569606966278796117e-04
7.592192712865062764e-04
7.614778459451329411e-04
7.637364206037636173e-04
7.659949952623965703e-04
8.577161115160053181e-04
1.074073613502822371e-03
1.290431115489639640e-03
1.506788617476456909e-03
1.723146119463273961e-03
1.939503621450091014e-03
2.155861123436908500e-03
2.372218625423725552e-03
2.588576127410542604e-03
2.745212454372796245e-03
2.747471029031419223e-03
2.749729603690041768e-03
2.751988178348664313e-03
2.754246753007286858e-03
2.756505327665909836e-03
2.758763902324532381e-03
2.761022476983154925e-03
2.763281051641777470e-03
2.765539626300400015e-03
2.767798200959022993e-03
2.770056775617645538e-03
2.713353416230018713e-03
2.533975039395465131e-03
2.354596662560911983e-03
2.175218285726358836e-03
1.995839908891805254e-03
1.816461532057252106e-03
1.637083155222698741e-03
1.457704778388145377e-03
1.278326401553581820e-03
1.098948024719028672e-03
1.090635664640983915e-03
1.291996282282507598e-03
1.493356899924031499e-03
1.694717517565555182e-03
1.896078135207078866e-03
2.097438752848602549e-03
2.298799370490126233e-03
2.500159988131649916e-03
2.701520605773173600e-03
2.902881223414697284e-03
3.104241841056220967e-03
3.305602458697744651e-03
3.506963076339268334e-03
3.708323693980792018e-03
3.723382128630261297e-03
3.725640703288880373e-03
3.727899277947499448e-03
3.730157852606118523e-03
3.732416427264738032e-03
3.734675001923357107e-03
3.736933576581976182e-03
3.739192151240595258e-03
3.741450725899214333e-03
3.743709300557833408e-03
3.784839107723721782e-03
3.858995642348388502e-03
3.933152176973054789e-03
4.007308711597721076e-03
4.081465246222388231e-03
4.155621780847054518e-03
4.229778315471720805e-03
4.303934850096387092e-03
4.378091384721054247e-03
4.452247919345720534e-03
4.526404453970391158e-03
4.600560988595057445e-03
4.659944073035067642e-03
4.512154731242800677e-03
4.364365389450533712e-03
4.216576047658266747e-03
4.068786705865999782e-03
3.920997364073733685e-03
3.773208022281466720e-03
3.625418680489199755e-03
3.477629338696932790e-03
3.329839996904665825e-03
3.182050655112399293e-03
3.034261313320132762e-03
2.918210230699683390e-03
3.053203500680237714e-03
3.188196770660792472e-03
3.323190040641347230e-03
3.458183310621901554e-03
3.593176580602463685e-03
3.728169850583018443e-03
3.863163120563573201e-03
3.998156390544127525e-03
4.133149660524682717e-03
4.268142930505237041e-03
4.403136200485791366e-03
4.538129470466346557e-03
4.673122740446900882e-03
4.728654698791005632e-03
4.730913273449626442e-03
4.733171848108248120e-03
4.735430422766868930e-03
4.737688997425489740e-03
4.739947572084111417e-03
4.742206146742732227e-03
4.744464721401353904e-03
4.746723296059974714e-03
4.748981870718596392e-03
4.751240445377217202e-03
4.753499020035838879e-03
4.755757594694459689e-03
4.745253133661185910e-03
4.597463791868917210e-03
4.449674450076649378e-03
4.301885108284380678e-03
4.154095766492112846e-03
4.006306424699844146e-03
3.858517082907576314e-03
3.710727741115308047e-03
3.562938399323039781e-03
3.415149057530771515e-03
3.267359715738503249e-03
3.119570373946234983e-03
2.970248527465815802e-03
2.810736692200825615e-03
2.651224856935826754e-03
2.491713021670836567e-03
2.332201186405846380e-03
2.172689351140856626e-03
2.013177515875866873e-03
1.853665680610876469e-03
1.694153845345886499e-03
1.534642010080896528e-03
1.375130174815906558e-03
1.215618339550916588e-03
1.056106504285926400e-03
8.965946690209364300e-04
7.370828337559462429e-04
5.775709984909564894e-04
4.180591632259663022e-04
